{
  "camera_angle_x": 1.1654354732902363,
  "camera_angle_y": 0.7225615051403288,
  "fl_x": 2913.2413934573297,
  "fl_y": 2858.1578348688186,
  "k1": 0.1689360421600176,
  "k2": -0.407646322156021,
  "k3": 0,
  "k4": 0,
  "p1": -0.0007093501106365887,
  "p2": 0.0014837932661224042,
  "is_fisheye": false,
  "cx": 1928.2806288156403,
  "cy": 1086.4851709057325,
  "w": 3840.0,
  "h": 2160.0,
  "aabb_scale": 32,
  "frames": [
    {
      "file_path": "D:\\BaiduNetdiskDownload\\releasengp\\chess\\images/004.jpg",
      "sharpness": 21.453788218180296,
      "transform_matrix": [
        [
          -0.9990546076405973,
          0.0373091889643535,
          -0.022314018889006627,
          0.056480617855350995
        ],
        [
          -0.0386761800098347,
          -0.5284258680906619,
          0.8480980220663991,
          4.596489766771622
        ],
        [
          0.019850544563554978,
          0.8481592576876072,
          0.5293692752208647,
          2.6164997265645193
        ],
        [
          0.0,
          0.0,
          0.0,
          1.0
        ]
      ]
    },
    {
      "file_path": "D:\\BaiduNetdiskDownload\\releasengp\\chess\\images/002.jpg",
      "sharpness": 16.80007113082316,
      "transform_matrix": [
        [
          -0.9837727355849627,
          -0.08209173658791585,
          0.15953730463977434,
          1.143998315852438
        ],
        [
          0.17920110233092376,
          -0.4933875252862617,
          0.8511496430215671,
          4.916595759502381
        ],
        [
          0.008841363635233628,
          0.8659270735618436,
          0.500092125143175,
          2.5771995896729964
        ],
        [
          0.0,
          0.0,
          0.0,
          1.0
        ]
      ]
    },
    {
      "file_path": "D:\\BaiduNetdiskDownload\\releasengp\\chess\\images/011.jpg",
      "sharpness": 19.791442890131226,
      "transform_matrix": [
        [
          -0.6706182775026756,
          0.4532918269163043,
          -0.5871947254516922,
          -3.0189525492890112
        ],
        [
          -0.7416063373846955,
          -0.39147634902954503,
          0.5447626166522588,
          2.809583958114886
        ],
        [
          0.017063594448774238,
          0.8007950973010298,
          0.5986952863950478,
          2.8467625628324176
        ],
        [
          0.0,
          0.0,
          0.0,
          1.0
        ]
      ]
    },
    {
      "file_path": "D:\\BaiduNetdiskDownload\\releasengp\\chess\\images/001.jpg",
      "sharpness": 21.237145873270936,
      "transform_matrix": [
        [
          -0.9474691946211932,
          -0.13608128913888004,
          0.28945467358160365,
          1.5388905474187797
        ],
        [
          0.31830919663044543,
          -0.48980654570930743,
          0.8116457374503099,
          4.919652650378598
        ],
        [
          0.03132699553010526,
          0.8611454177884579,
          0.5073925392056186,
          2.5752383070794234
        ],
        [
          0.0,
          0.0,
          0.0,
          1.0
        ]
      ]
    },
    {
      "file_path": "D:\\BaiduNetdiskDownload\\releasengp\\chess\\images/008.jpg",
      "sharpness": 19.55367380376672,
      "transform_matrix": [
        [
          -0.8762295741420784,
          0.3144648547273389,
          -0.36514872121941017,
          -1.8491649313269356
        ],
        [
          -0.47903023139617834,
          -0.4859101467508477,
          0.7310412893219881,
          3.932616765598229
        ],
        [
          0.05245732413271777,
          0.8154772740426344,
          0.5764070130848128,
          2.778608298729784
        ],
        [
          0.0,
          0.0,
          0.0,
          1.0
        ]
      ]
    },
    {
      "file_path": "D:\\BaiduNetdiskDownload\\releasengp\\chess\\images/013.jpg",
      "sharpness": 44.728663676428674,
      "transform_matrix": [
        [
          -0.47714816101114554,
          0.5314982778779196,
          -0.6998851428088411,
          -3.8991265959214148
        ],
        [
          -0.8785826505870858,
          -0.26987360485098,
          0.3940314244988191,
          1.8928299074425767
        ],
        [
          0.020546497079441024,
          0.8029183134557267,
          0.595734860020548,
          2.9518628246348744
        ],
        [
          0.0,
          0.0,
          0.0,
          1.0
        ]
      ]
    },
    {
      "file_path": "D:\\BaiduNetdiskDownload\\releasengp\\chess\\images/003.jpg",
      "sharpness": 22.41217689042069,
      "transform_matrix": [
        [
          -0.9983284224648378,
          -0.015686778839845417,
          0.055626306156017706,
          0.5706775417347011
        ],
        [
          0.05579950620938528,
          -0.51237956251675,
          0.8569443383454924,
          4.824843493435851
        ],
        [
          0.015059086098959805,
          0.8586158098563876,
          0.5123983948638501,
          2.596481826328522
        ],
        [
          0.0,
          0.0,
          0.0,
          1.0
        ]
      ]
    },
    {
      "file_path": "D:\\BaiduNetdiskDownload\\releasengp\\chess\\images/005.jpg",
      "sharpness": 20.65533334258898,
      "transform_matrix": [
        [
          -0.9707939665263835,
          0.1463130589264144,
          -0.1901356447687577,
          -0.49089397140947233
        ],
        [
          -0.23898275033044283,
          -0.519956443212308,
          0.8200808144365798,
          4.5425583464241015
        ],
        [
          0.021126278945239167,
          0.8415686460417644,
          0.5397368751585216,
          2.664511947862006
        ],
        [
          0.0,
          0.0,
          0.0,
          1.0
        ]
      ]
    },
    {
      "file_path": "D:\\BaiduNetdiskDownload\\releasengp\\chess\\images/015.jpg",
      "sharpness": 57.27111364118968,
      "transform_matrix": [
        [
          -0.1482038930191262,
          0.5692794585986554,
          -0.8086757719751853,
          -4.520013342035184
        ],
        [
          -0.9888053483175997,
          -0.0709870502929769,
          0.13124336870742803,
          0.8791033607514268
        ],
        [
          0.01730864618651394,
          0.8190737065593122,
          0.5734271305570617,
          3.054160053640863
        ],
        [
          0.0,
          0.0,
          0.0,
          1.0
        ]
      ]
    },
    {
      "file_path": "D:\\BaiduNetdiskDownload\\releasengp\\chess\\images/007.jpg",
      "sharpness": 21.01274377569692,
      "transform_matrix": [
        [
          -0.9321239358385371,
          0.2189450596263624,
          -0.2884580197708992,
          -1.3641606967433262
        ],
        [
          -0.36124719349670914,
          -0.5062821822895585,
          0.783057352361457,
          4.1901881342339475
        ],
        [
          0.02540538295510532,
          0.8341111513543207,
          0.5510110287206599,
          2.7452041875769146
        ],
        [
          0.0,
          0.0,
          0.0,
          1.0
        ]
      ]
    },
    {
      "file_path": "D:\\BaiduNetdiskDownload\\releasengp\\chess\\images/012.jpg",
      "sharpness": 49.809824928956026,
      "transform_matrix": [
        [
          -0.5483592732164401,
          0.501539704069934,
          -0.6691487374172095,
          -3.597189217580287
        ],
        [
          -0.8362417198675212,
          -0.3301967235607453,
          0.4378012216785375,
          2.3925885395055375
        ],
        [
          -0.001376025507862691,
          0.79964245075786,
          0.6004748600635097,
          2.9097209272098574
        ],
        [
          0.0,
          0.0,
          0.0,
          1.0
        ]
      ]
    },
    {
      "file_path": "D:\\BaiduNetdiskDownload\\releasengp\\chess\\images/009.jpg",
      "sharpness": 29.495990657274067,
      "transform_matrix": [
        [
          -0.8228687670882292,
          0.3685712045326824,
          -0.43248382560286547,
          -2.3178259151225054
        ],
        [
          -0.565482635053812,
          -0.45638133153890187,
          0.6869828743686682,
          3.607383981778882
        ],
        [
          0.05582456130171045,
          0.8098588441625358,
          0.5839625595495993,
          2.815768690339512
        ],
        [
          0.0,
          0.0,
          0.0,
          1.0
        ]
      ]
    },
    {
      "file_path": "D:\\BaiduNetdiskDownload\\releasengp\\chess\\images/010.jpg",
      "sharpness": 26.384437634059427,
      "transform_matrix": [
        [
          -0.7683659788870337,
          0.4005512408213504,
          -0.4991717400189153,
          -2.6155419863042306
        ],
        [
          -0.6388657975919297,
          -0.4333908836225558,
          0.6356279058226981,
          3.166679902243095
        ],
        [
          0.038265064891751716,
          0.8072986098879086,
          0.5889012984791309,
          2.8188574731644387
        ],
        [
          0.0,
          0.0,
          0.0,
          1.0
        ]
      ]
    },
    {
      "file_path": "D:\\BaiduNetdiskDownload\\releasengp\\chess\\images/016.jpg",
      "sharpness": 44.988785555289304,
      "transform_matrix": [
        [
          -0.10863577894359491,
          0.5737844605465403,
          -0.811769462616511,
          -4.573669666336378
        ],
        [
          -0.9932790842048811,
          -0.029847560710749423,
          0.11182926272310262,
          0.28713387973009896
        ],
        [
          0.039936554866314,
          0.8184622874778285,
          0.5731706165100374,
          3.0872387664163075
        ],
        [
          0.0,
          0.0,
          0.0,
          1.0
        ]
      ]
    },
    {
      "file_path": "D:\\BaiduNetdiskDownload\\releasengp\\chess\\images/006.jpg",
      "sharpness": 28.256026712391943,
      "transform_matrix": [
        [
          -0.942766374936401,
          0.18485215149832718,
          -0.2775270157007813,
          -0.9796122003607152
        ],
        [
          -0.33343074848364856,
          -0.5127656064747562,
          0.7911354933149383,
          4.455432615944645
        ],
        [
          0.003936789547016596,
          0.8383919816855903,
          0.5450535632411712,
          2.706397369508493
        ],
        [
          0.0,
          0.0,
          0.0,
          1.0
        ]
      ]
    },
    {
      "file_path": "D:\\BaiduNetdiskDownload\\releasengp\\chess\\images/017.jpg",
      "sharpness": 38.92703184654214,
      "transform_matrix": [
        [
          0.08137798383488565,
          0.5672240897801545,
          -0.8195330718086423,
          -4.692261146764195
        ],
        [
          -0.9956199117895791,
          0.08423702759926993,
          -0.0405600102294337,
          -0.38940953422112334
        ],
        [
          0.046028415104594746,
          0.819244136519557,
          0.5715946377021139,
          3.113425402422265
        ],
        [
          0.0,
          0.0,
          0.0,
          1.0
        ]
      ]
    },
    {
      "file_path": "D:\\BaiduNetdiskDownload\\releasengp\\chess\\images/018.jpg",
      "sharpness": 44.51821421589792,
      "transform_matrix": [
        [
          0.21535280585034108,
          0.5581856058385202,
          -0.8012814727142604,
          -4.560270734502343
        ],
        [
          -0.9761028167473247,
          0.1474866697556289,
          -0.15959628248425245,
          -0.9695273188522536
        ],
        [
          0.02909398831946411,
          0.8165026097601021,
          0.5766082102841892,
          3.110171434083813
        ],
        [
          0.0,
          0.0,
          0.0,
          1.0
        ]
      ]
    },
    {
      "file_path": "D:\\BaiduNetdiskDownload\\releasengp\\chess\\images/014.jpg",
      "sharpness": 44.82641598822367,
      "transform_matrix": [
        [
          -0.2983326437407226,
          0.5541145464814762,
          -0.777145226533859,
          -4.274164132818229
        ],
        [
          -0.9542555094777775,
          -0.15622589457414027,
          0.25493115246332215,
          1.4305469133231128
        ],
        [
          0.01985085170193879,
          0.8176493987705431,
          0.5753741430107919,
          3.0215960995311963
        ],
        [
          0.0,
          0.0,
          0.0,
          1.0
        ]
      ]
    },
    {
      "file_path": "D:\\BaiduNetdiskDownload\\releasengp\\chess\\images/019.jpg",
      "sharpness": 30.293804004768482,
      "transform_matrix": [
        [
          0.3187511096338337,
          0.532973694261636,
          -0.7837963838908474,
          -4.415616204346109
        ],
        [
          -0.9475869801712203,
          0.19823483179692347,
          -0.2505630987853039,
          -1.527520179526321
        ],
        [
          0.02183220391839242,
          0.8225825142513583,
          0.5682265060594289,
          3.1231913007289056
        ],
        [
          0.0,
          0.0,
          0.0,
          1.0
        ]
      ]
    },
    {
      "file_path": "D:\\BaiduNetdiskDownload\\releasengp\\chess\\images/023.jpg",
      "sharpness": 56.496732834426936,
      "transform_matrix": [
        [
          0.7530900683576846,
          0.3557627079043544,
          -0.5534331438156227,
          -3.3365282349364374
        ],
        [
          -0.6569508823570064,
          0.45220832515115933,
          -0.6032604485914815,
          -3.5514215007409193
        ],
        [
          0.03564950428550242,
          0.8178878446225315,
          0.574272223367484,
          3.0463656203860245
        ],
        [
          0.0,
          0.0,
          0.0,
          1.0
        ]
      ]
    },
    {
      "file_path": "D:\\BaiduNetdiskDownload\\releasengp\\chess\\images/020.jpg",
      "sharpness": 54.30275773156983,
      "transform_matrix": [
        [
          0.4748492414742478,
          0.5014260792406827,
          -0.7232496698904968,
          -4.29347506841884
        ],
        [
          -0.8800668524961612,
          0.2698677192637222,
          -0.3907092899296835,
          -2.075482800385223
        ],
        [
          -0.0007300885007640186,
          0.8220360705094696,
          0.5694349531076024,
          3.1255960394785425
        ],
        [
          0.0,
          0.0,
          0.0,
          1.0
        ]
      ]
    },
    {
      "file_path": "D:\\BaiduNetdiskDownload\\releasengp\\chess\\images/029.jpg",
      "sharpness": 35.018527643930035,
      "transform_matrix": [
        [
          0.999202915179143,
          -0.0218437752555316,
          -0.033412330780009714,
          -0.5987506954327809
        ],
        [
          -0.015588280306125685,
          0.5570368704565518,
          -0.8303414541437333,
          -4.874022364484215
        ],
        [
          0.036749692282022656,
          0.8302004423523868,
          0.5562523579308261,
          2.9478223794075595
        ],
        [
          0.0,
          0.0,
          0.0,
          1.0
        ]
      ]
    },
    {
      "file_path": "D:\\BaiduNetdiskDownload\\releasengp\\chess\\images/030.jpg",
      "sharpness": 27.43885100312353,
      "transform_matrix": [
        [
          0.992684353887651,
          -0.10283845914902989,
          0.06326155969129202,
          -0.024097351412189185
        ],
        [
          0.10954010620059733,
          0.5467242441823236,
          -0.8301165978085792,
          -4.949840958052856
        ],
        [
          0.05078128342465271,
          0.830973436514024,
          0.5539895388275348,
          2.9507893578370625
        ],
        [
          0.0,
          0.0,
          0.0,
          1.0
        ]
      ]
    },
    {
      "file_path": "D:\\BaiduNetdiskDownload\\releasengp\\chess\\images/028.jpg",
      "sharpness": 46.59459682905107,
      "transform_matrix": [
        [
          0.9980169152490731,
          0.017185577716423105,
          -0.06055487481071376,
          -1.1267373612490272
        ],
        [
          -0.059605661323430745,
          0.567248940942708,
          -0.8213865132433289,
          -4.820301108873418
        ],
        [
          0.02023368684673058,
          0.8233670475337498,
          0.5671483959429581,
          2.997988566128838
        ],
        [
          0.0,
          0.0,
          0.0,
          1.0
        ]
      ]
    },
    {
      "file_path": "D:\\BaiduNetdiskDownload\\releasengp\\chess\\images/024.jpg",
      "sharpness": 45.37952112147956,
      "transform_matrix": [
        [
          0.8341574687961919,
          0.28574236080332616,
          -0.47173363306227784,
          -2.942109300614494
        ],
        [
          -0.550450094408397,
          0.484736716682114,
          -0.6797315713327515,
          -3.8644234939443933
        ],
        [
          0.034438508533958974,
          0.8266689898585338,
          0.5616336621007985,
          3.062165285645151
        ],
        [
          0.0,
          0.0,
          0.0,
          1.0
        ]
      ]
    },
    {
      "file_path": "D:\\BaiduNetdiskDownload\\releasengp\\chess\\images/021.jpg",
      "sharpness": 60.863587957799744,
      "transform_matrix": [
        [
          0.543622844751724,
          0.48588023730292,
          -0.6843935985458699,
          -3.959984319105333
        ],
        [
          -0.8393293593809914,
          0.31533463441522025,
          -0.4428208382853895,
          -2.5501333443717904
        ],
        [
          0.0006551112047957293,
          0.8151591644560032,
          0.579236659320891,
          3.0765543446102015
        ],
        [
          0.0,
          0.0,
          0.0,
          1.0
        ]
      ]
    },
    {
      "file_path": "D:\\BaiduNetdiskDownload\\releasengp\\chess\\images/027.jpg",
      "sharpness": 55.424912945529385,
      "transform_matrix": [
        [
          0.9763003043718711,
          0.09328254905050833,
          -0.19528461740264244,
          -1.6497009320375964
        ],
        [
          -0.21361239831051435,
          0.5602303801685026,
          -0.8003197263748699,
          -4.511182641141331
        ],
        [
          0.0347485113168896,
          0.8230676079311279,
          0.5668793997000754,
          3.0152195473866303
        ],
        [
          0.0,
          0.0,
          0.0,
          1.0
        ]
      ]
    },
    {
      "file_path": "D:\\BaiduNetdiskDownload\\releasengp\\chess\\images/025.jpg",
      "sharpness": 54.79877961094505,
      "transform_matrix": [
        [
          0.9146528690178121,
          0.18578305259085126,
          -0.35901920092882916,
          -2.5463755051123926
        ],
        [
          -0.4004665250314067,
          0.5375080162068648,
          -0.7420995181531193,
          -4.240144509650479
        ],
        [
          0.05510618466274219,
          0.822538625191007,
          0.5660331426244666,
          3.037350022267715
        ],
        [
          0.0,
          0.0,
          0.0,
          1.0
        ]
      ]
    },
    {
      "file_path": "D:\\BaiduNetdiskDownload\\releasengp\\chess\\images/032.jpg",
      "sharpness": 46.94315764857051,
      "transform_matrix": [
        [
          0.9541329067694951,
          -0.19383570807601871,
          0.2281624740449829,
          0.9426977939091074
        ],
        [
          0.2969448561329289,
          0.5156496911242993,
          -0.8036971746000294,
          -4.686050018600018
        ],
        [
          0.03813330164984099,
          0.834585594393777,
          0.5495568551152779,
          2.8936731149642307
        ],
        [
          0.0,
          0.0,
          0.0,
          1.0
        ]
      ]
    },
    {
      "file_path": "D:\\BaiduNetdiskDownload\\releasengp\\chess\\images/031.jpg",
      "sharpness": 37.1416089168571,
      "transform_matrix": [
        [
          0.9687186228343309,
          -0.15354384320514586,
          0.19495773402411062,
          0.4896311592658542
        ],
        [
          0.24713581506142615,
          0.5255328571800669,
          -0.8140878975507136,
          -4.932575449089099
        ],
        [
          0.02254148950569115,
          0.8368031454820003,
          0.5470396484998331,
          2.9182953173346378
        ],
        [
          0.0,
          0.0,
          0.0,
          1.0
        ]
      ]
    },
    {
      "file_path": "D:\\BaiduNetdiskDownload\\releasengp\\chess\\images/033.jpg",
      "sharpness": 27.389985169383085,
      "transform_matrix": [
        [
          0.8981162250017499,
          -0.26608840868455347,
          0.3501202725070244,
          1.503667738201972
        ],
        [
          0.4388861594522352,
          0.49223994299220697,
          -0.7517172191487683,
          -4.4917987500569305
        ],
        [
          0.027680055644799806,
          0.8287923728776828,
          0.558871199157558,
          2.8499017282202055
        ],
        [
          0.0,
          0.0,
          0.0,
          1.0
        ]
      ]
    },
    {
      "file_path": "D:\\BaiduNetdiskDownload\\releasengp\\chess\\images/026.jpg",
      "sharpness": 36.17219316324925,
      "transform_matrix": [
        [
          0.958052604845306,
          0.12275987279407134,
          -0.2589695349819586,
          -2.1346547006207586
        ],
        [
          -0.28295148847206614,
          0.5487398498975147,
          -0.7866530571391406,
          -4.363005865043317
        ],
        [
          0.04553747452656097,
          0.8269308258937412,
          0.5604567313084605,
          2.999761518211253
        ],
        [
          0.0,
          0.0,
          0.0,
          1.0
        ]
      ]
    },
    {
      "file_path": "D:\\BaiduNetdiskDownload\\releasengp\\chess\\images/022.jpg",
      "sharpness": 48.930507189751864,
      "transform_matrix": [
        [
          0.6718601305541256,
          0.41912322251517736,
          -0.6106878821364893,
          -3.683107351728457
        ],
        [
          -0.7404598603311693,
          0.40008065911742474,
          -0.5400506100718461,
          -3.1083621766365614
        ],
        [
          0.017976658385591076,
          0.8150283373014284,
          0.579142166671952,
          3.0582552135649763
        ],
        [
          0.0,
          0.0,
          0.0,
          1.0
        ]
      ]
    },
    {
      "file_path": "D:\\BaiduNetdiskDownload\\releasengp\\chess\\images/034.jpg",
      "sharpness": 26.717321078731675,
      "transform_matrix": [
        [
          0.8437453918566188,
          -0.31979768799085423,
          0.43107209668974106,
          1.9646783338489626
        ],
        [
          0.5357480378375055,
          0.4528866617389503,
          -0.7126483786361082,
          -4.1863861994888865
        ],
        [
          0.032676500999631236,
          0.8322398154563356,
          0.5534520177216377,
          2.7815555454100402
        ],
        [
          0.0,
          0.0,
          0.0,
          1.0
        ]
      ]
    },
    {
      "file_path": "D:\\BaiduNetdiskDownload\\releasengp\\chess\\images/036.jpg",
      "sharpness": 16.08963131214217,
      "transform_matrix": [
        [
          0.7168700104572212,
          -0.4144908638216197,
          0.560619935413945,
          2.8216815207304564
        ],
        [
          0.696065996020309,
          0.3795023429702536,
          -0.6094834705427246,
          -3.4038858904646996
        ],
        [
          0.039868751184828174,
          0.8271488956342155,
          0.5605668445409396,
          2.6901832932857963
        ],
        [
          0.0,
          0.0,
          0.0,
          1.0
        ]
      ]
    },
    {
      "file_path": "D:\\BaiduNetdiskDownload\\releasengp\\chess\\images/035.jpg",
      "sharpness": 22.87668096602358,
      "transform_matrix": [
        [
          0.78899080737225,
          -0.36359214782451055,
          0.4952719010710272,
          2.3152800960135136
        ],
        [
          0.6135799437788002,
          0.4245202251902655,
          -0.6658094554730144,
          -3.765442944069508
        ],
        [
          0.03183015098421785,
          0.8292064450441119,
          0.5580354048392935,
          2.7580544684519586
        ],
        [
          0.0,
          0.0,
          0.0,
          1.0
        ]
      ]
    },
    {
      "file_path": "D:\\BaiduNetdiskDownload\\releasengp\\chess\\images/037.jpg",
      "sharpness": 13.708852114868838,
      "transform_matrix": [
        [
          0.7279830599996345,
          -0.3954679661845785,
          0.5600408486382635,
          3.0863588813019223
        ],
        [
          0.684718307106283,
          0.3780816255169081,
          -0.6230691168405474,
          -2.936350552973655
        ],
        [
          0.03466272202032931,
          0.8370539840588094,
          0.5460211749941041,
          2.6260172214943283
        ],
        [
          0.0,
          0.0,
          0.0,
          1.0
        ]
      ]
    },
    {
      "file_path": "D:\\BaiduNetdiskDownload\\releasengp\\chess\\images/041.jpg",
      "sharpness": 6.006375988329855,
      "transform_matrix": [
        [
          0.34813732618068416,
          -0.532433679295599,
          0.7715664451876973,
          4.063400503765751
        ],
        [
          0.937088589474941,
          0.17500707259739234,
          -0.30205545851253485,
          -1.216011373570143
        ],
        [
          0.02579491424047275,
          0.8281828914919683,
          0.5598640198368309,
          2.586027352080638
        ],
        [
          0.0,
          0.0,
          0.0,
          1.0
        ]
      ]
    },
    {
      "file_path": "D:\\BaiduNetdiskDownload\\releasengp\\chess\\images/038.jpg",
      "sharpness": 17.35514913060681,
      "transform_matrix": [
        [
          0.6584561769827822,
          -0.4218891894946991,
          0.6232535397803926,
          3.347285665369644
        ],
        [
          0.7524273062276923,
          0.3503183894877089,
          -0.5577904398877216,
          -2.5899548388053835
        ],
        [
          0.01698858029374171,
          0.8362335426398483,
          0.5481102538469228,
          2.6365062546003974
        ],
        [
          0.0,
          0.0,
          0.0,
          1.0
        ]
      ]
    },
    {
      "file_path": "D:\\BaiduNetdiskDownload\\releasengp\\chess\\images/040.jpg",
      "sharpness": 10.674076724745978,
      "transform_matrix": [
        [
          0.4200004736591052,
          -0.515479567561221,
          0.7469139291920379,
          3.7275868661253373
        ],
        [
          0.9056193724975155,
          0.18477035276666648,
          -0.3817243362639449,
          -1.710894994402213
        ],
        [
          0.05876354560178271,
          0.8367441259026114,
          0.5444319181902436,
          2.6379039333269474
        ],
        [
          0.0,
          0.0,
          0.0,
          1.0
        ]
      ]
    },
    {
      "file_path": "D:\\BaiduNetdiskDownload\\releasengp\\chess\\images/043.jpg",
      "sharpness": 8.997275268554608,
      "transform_matrix": [
        [
          0.03088985584479796,
          -0.5248822781515853,
          0.8506141375243856,
          4.310371952085133
        ],
        [
          0.9993937532062918,
          0.0025447636301767678,
          -0.034722474433275016,
          -0.1318841984166064
        ],
        [
          0.016060599563111316,
          0.8511710276606472,
          0.5246426773350767,
          2.4438935520881455
        ],
        [
          0.0,
          0.0,
          0.0,
          1.0
        ]
      ]
    },
    {
      "file_path": "D:\\BaiduNetdiskDownload\\releasengp\\chess\\images/039.jpg",
      "sharpness": 14.604271073492322,
      "transform_matrix": [
        [
          0.475904427255536,
          -0.4982921638891923,
          0.7247205637990901,
          3.6894206811170838
        ],
        [
          0.8787783941626788,
          0.2361068533429762,
          -0.414731344074454,
          -2.197073144774227
        ],
        [
          0.03554588699998202,
          0.8342412560387076,
          0.5502526844176865,
          2.6555919783301296
        ],
        [
          0.0,
          0.0,
          0.0,
          1.0
        ]
      ]
    },
    {
      "file_path": "D:\\BaiduNetdiskDownload\\releasengp\\chess\\images/044.jpg",
      "sharpness": 9.384649159409737,
      "transform_matrix": [
        [
          -0.12572940242453115,
          -0.48549181561612487,
          0.8651530583681676,
          4.500832148659701
        ],
        [
          0.9908591751846448,
          -0.10443061945562807,
          0.08539520286866598,
          0.4552383006160289
        ],
        [
          0.04888979772370296,
          0.8679815336497544,
          0.49418401935926864,
          2.4284133919936726
        ],
        [
          0.0,
          0.0,
          0.0,
          1.0
        ]
      ]
    },
    {
      "file_path": "D:\\BaiduNetdiskDownload\\releasengp\\chess\\images/042.jpg",
      "sharpness": 17.22843038130499,
      "transform_matrix": [
        [
          0.11209305903620312,
          -0.5362922157756592,
          0.8365559189213861,
          4.248192713765226
        ],
        [
          0.992833732308605,
          0.02534498106552579,
          -0.11678532410116586,
          -0.6949011330755154
        ],
        [
          0.04142856630697668,
          0.8436517594966088,
          0.535289998655449,
          2.5255761569830755
        ],
        [
          0.0,
          0.0,
          0.0,
          1.0
        ]
      ]
    },
    {
      "file_path": "D:\\BaiduNetdiskDownload\\releasengp\\chess\\images/051.jpg",
      "sharpness": 8.000996810447896,
      "transform_matrix": [
        [
          0.17964103661861403,
          -0.5777007956543275,
          0.796235448049766,
          2.471025523449371
        ],
        [
          0.9813473487107911,
          0.048912906180855836,
          -0.18591640268600568,
          -0.42254214328872997
        ],
        [
          0.06845786398856593,
          0.8147817611961043,
          0.5757119093338467,
          1.9911563661468576
        ],
        [
          0.0,
          0.0,
          0.0,
          1.0
        ]
      ]
    },
    {
      "file_path": "D:\\BaiduNetdiskDownload\\releasengp\\chess\\images/048.jpg",
      "sharpness": 10.765097408830103,
      "transform_matrix": [
        [
          -0.060004648156945534,
          -0.45802170916728996,
          0.8869134998403738,
          3.4903132310019065
        ],
        [
          0.9955604019050706,
          -0.09201031378913907,
          0.019839060348212586,
          -0.02217921028381062
        ],
        [
          0.072518469095175,
          0.8841663961920743,
          0.4615093233655617,
          2.1696123475223454
        ],
        [
          0.0,
          0.0,
          0.0,
          1.0
        ]
      ]
    },
    {
      "file_path": "D:\\BaiduNetdiskDownload\\releasengp\\chess\\images/045.jpg",
      "sharpness": 24.602014248599534,
      "transform_matrix": [
        [
          -0.1326029081389821,
          -0.4438287283300285,
          0.8862463138033914,
          4.504541089845167
        ],
        [
          0.9902502161028798,
          -0.09781787973422312,
          0.0991774768430949,
          0.44949695083277874
        ],
        [
          0.04267292191226705,
          0.8907568256154696,
          0.4524724294622242,
          2.4370274697511567
        ],
        [
          0.0,
          0.0,
          0.0,
          1.0
        ]
      ]
    },
    {
      "file_path": "D:\\BaiduNetdiskDownload\\releasengp\\chess\\images/046.jpg",
      "sharpness": 16.493245923407155,
      "transform_matrix": [
        [
          -0.08747039437017776,
          -0.4162135748159308,
          0.9050498275320171,
          4.183382501261516
        ],
        [
          0.9961596621833553,
          -0.04006162616148769,
          0.07785238306244857,
          0.3106536220716656
        ],
        [
          0.0038545491857456364,
          0.9083839091025285,
          0.4181193803242202,
          2.3988463348658713
        ],
        [
          0.0,
          0.0,
          0.0,
          1.0
        ]
      ]
    },
    {
      "file_path": "D:\\BaiduNetdiskDownload\\releasengp\\chess\\images/054.jpg",
      "sharpness": 7.189685208733739,
      "transform_matrix": [
        [
          0.49564969782330154,
          -0.5343564802874324,
          0.6846857155590158,
          1.9057859652357783
        ],
        [
          0.8681052932851318,
          0.32923353043987136,
          -0.37148146953097805,
          -0.6157776333151295
        ],
        [
          -0.026917964824667844,
          0.778503972033485,
          0.6270621889145533,
          1.9440471819370937
        ],
        [
          0.0,
          0.0,
          0.0,
          1.0
        ]
      ]
    },
    {
      "file_path": "D:\\BaiduNetdiskDownload\\releasengp\\chess\\images/056.jpg",
      "sharpness": 8.860993923447808,
      "transform_matrix": [
        [
          0.7270669520335452,
          -0.4139858866288042,
          0.5477128198252058,
          1.7366588625392694
        ],
        [
          0.6860704456063628,
          0.46841204317026536,
          -0.5566843822840783,
          -1.0691343669532571
        ],
        [
          -0.02609580343258966,
          0.7805163954337581,
          0.6245903982377788,
          1.9724088806838649
        ],
        [
          0.0,
          0.0,
          0.0,
          1.0
        ]
      ]
    },
    {
      "file_path": "D:\\BaiduNetdiskDownload\\releasengp\\chess\\images/055.jpg",
      "sharpness": 9.179707624646994,
      "transform_matrix": [
        [
          0.6192322455875352,
          -0.46572150612053537,
          0.6321826514778016,
          1.8577106286672347
        ],
        [
          0.7830045503337418,
          0.42651971828789764,
          -0.45275247549707365,
          -0.8031709917061368
        ],
        [
          -0.05878180162651022,
          0.7753608248465373,
          0.6287768214234404,
          1.9755958721342035
        ],
        [
          0.0,
          0.0,
          0.0,
          1.0
        ]
      ]
    },
    {
      "file_path": "D:\\BaiduNetdiskDownload\\releasengp\\chess\\images/049.jpg",
      "sharpness": 14.26505581622014,
      "transform_matrix": [
        [
          0.042305713080907185,
          -0.528659249676201,
          0.8477792309561357,
          3.0961303626184833
        ],
        [
          0.9963431234520864,
          -0.04072295343821046,
          -0.07511339037396181,
          -0.2878656799631713
        ],
        [
          0.0742334627438428,
          0.8478567325103392,
          0.5250031944802583,
          2.1003955238780656
        ],
        [
          0.0,
          0.0,
          0.0,
          1.0
        ]
      ]
    },
    {
      "file_path": "D:\\BaiduNetdiskDownload\\releasengp\\chess\\images/052.jpg",
      "sharpness": 9.727448760558962,
      "transform_matrix": [
        [
          0.27203565275164465,
          -0.5972473521613106,
          0.7545145485915793,
          2.262573511909679
        ],
        [
          0.9604367256172378,
          0.1199132286589775,
          -0.2513605252991795,
          -0.37652137538665736
        ],
        [
          0.059648132581023854,
          0.7930425070556235,
          0.6062389647251767,
          1.9363817835662953
        ],
        [
          0.0,
          0.0,
          0.0,
          1.0
        ]
      ]
    },
    {
      "file_path": "D:\\BaiduNetdiskDownload\\releasengp\\chess\\images/047.jpg",
      "sharpness": 20.762280798256135,
      "transform_matrix": [
        [
          -0.07867924415308016,
          -0.4422753684201128,
          0.8934215550883124,
          3.834264495014464
        ],
        [
          0.9967170582978359,
          -0.05206733446336879,
          0.0620007933856452,
          0.1569010031700463
        ],
        [
          0.019096655188590713,
          0.8953666797679745,
          0.44492002268992975,
          2.2795445526704303
        ],
        [
          0.0,
          0.0,
          0.0,
          1.0
        ]
      ]
    },
    {
      "file_path": "D:\\BaiduNetdiskDownload\\releasengp\\chess\\images/050.jpg",
      "sharpness": 14.285675513483245,
      "transform_matrix": [
        [
          0.02716572566997797,
          -0.5362110107052781,
          0.8436467124426626,
          2.79288677683497
        ],
        [
          0.9968761561762104,
          -0.048080669950508616,
          -0.06265922457958986,
          -0.40463826762919614
        ],
        [
          0.07416166527761817,
          0.8427134751761607,
          0.5332298249613341,
          2.0259278139977925
        ],
        [
          0.0,
          0.0,
          0.0,
          1.0
        ]
      ]
    },
    {
      "file_path": "D:\\BaiduNetdiskDownload\\releasengp\\chess\\images/053.jpg",
      "sharpness": 10.059372950293183,
      "transform_matrix": [
        [
          0.3393060216694867,
          -0.581434157161235,
          0.7394631462169666,
          2.0979194906021608
        ],
        [
          0.940609745110816,
          0.20037804524658104,
          -0.2740473433299182,
          -0.38715887372343505
        ],
        [
          0.01116830632046404,
          0.7885321552963495,
          0.6148921117286772,
          1.8985998721586699
        ],
        [
          0.0,
          0.0,
          0.0,
          1.0
        ]
      ]
    },
    {
      "file_path": "D:\\BaiduNetdiskDownload\\releasengp\\chess\\images/058.jpg",
      "sharpness": 6.7227733166639245,
      "transform_matrix": [
        [
          0.907871130499941,
          -0.22841673962602504,
          0.35156194835539334,
          1.2579154241954564
        ],
        [
          0.41669452659231093,
          0.5840476732424955,
          -0.6966017419505196,
          -1.5055590810038095
        ],
        [
          -0.046213439223418425,
          0.778918550610668,
          0.6254200265567501,
          1.877888816992013
        ],
        [
          0.0,
          0.0,
          0.0,
          1.0
        ]
      ]
    },
    {
      "file_path": "D:\\BaiduNetdiskDownload\\releasengp\\chess\\images/057.jpg",
      "sharpness": 7.7954511463292,
      "transform_matrix": [
        [
          0.8064986989443528,
          -0.31651783399344807,
          0.49937591995732733,
          1.463745434085889
        ],
        [
          0.5859271683882242,
          0.5408142754705708,
          -0.6034975333771135,
          -1.3709224937926334
        ],
        [
          -0.07905189425425913,
          0.7793178942266292,
          0.6216224077537035,
          1.991097858090902
        ],
        [
          0.0,
          0.0,
          0.0,
          1.0
        ]
      ]
    },
    {
      "file_path": "D:\\BaiduNetdiskDownload\\releasengp\\chess\\images/063.jpg",
      "sharpness": 3.446949505980768,
      "transform_matrix": [
        [
          0.9470986005646919,
          0.3127368090738913,
          -0.07211053409001887,
          0.06807068650238308
        ],
        [
          -0.25427510115515145,
          0.5940840393909117,
          -0.7631568168299203,
          -2.0046963824948167
        ],
        [
